0.1 10
1  -2  
0.818182  -1.63636  
0.669421  -1.33884  
0.547708  -1.09542  
0.448125  -0.89625  
0.366648  -0.733296  
0.299985  -0.599969  
0.245442  -0.490884  
0.200816  -0.401632  
0.164304  -0.328608  
0.134431  -0.268861  
0.109989  -0.219977  
0.0899908  -0.179982  
0.0736288  -0.147258  
0.0602417  -0.120483  
0.0492887  -0.0985774  
0.0403271  -0.0806542  
0.0329949  -0.0659898  
0.0269958  -0.0539917  
0.0220875  -0.044175  
0.0180716  -0.0361432  
0.0147859  -0.0295717  
0.0120975  -0.024195  
0.00989797  -0.0197959  
0.00809834  -0.0161967  
0.00662591  -0.0132518  
0.0054212  -0.0108424  
0.00443553  -0.00887105  
0.00362907  -0.00725814  
0.00296924  -0.00593847  
0.00242938  -0.00485875  
0.00198767  -0.00397534  
0.00162628  -0.00325255  
0.00133059  -0.00266118  
0.00108866  -0.00217733  
0.000890725  -0.00178145  
0.000728775  -0.00145755  
0.000596271  -0.00119254  
0.000487858  -0.000975716  
0.000399156  -0.000798313  
0.000326583  -0.000653165  
0.000267204  -0.000534408  
0.000218621  -0.000437243  
0.000178872  -0.000357744  
0.00014635  -0.0002927  
0.000119741  -0.000239482  
9.79697e-05  -0.000195939  
8.01571e-05  -0.000160314  
6.5583e-05  -0.000131166  
5.36589e-05  -0.000107318  
4.39027e-05  -8.78054e-05  
3.59204e-05  -7.18408e-05  
2.93894e-05  -5.87788e-05  
2.40459e-05  -4.80918e-05  
1.96739e-05  -3.93478e-05  
1.60968e-05  -3.21937e-05  
1.31701e-05  -2.63403e-05  
1.07756e-05  -2.15511e-05  
8.81637e-06  -1.76327e-05  
7.21339e-06  -1.44268e-05  
5.90187e-06  -1.18037e-05  
4.8288e-06  -9.6576e-06  
3.95084e-06  -7.90167e-06  
3.2325e-06  -6.46501e-06  
2.64478e-06  -5.28955e-06  
2.16391e-06  -4.32781e-06  
1.77047e-06  -3.54094e-06  
1.44857e-06  -2.89713e-06  
1.18519e-06  -2.37038e-06  
9.69701e-07  -1.9394e-06  
7.93392e-07  -1.58678e-06  
6.49139e-07  -1.29828e-06  
5.31114e-07  -1.06223e-06  
4.34547e-07  -8.69095e-07  
3.55539e-07  -7.11078e-07  
2.90895e-07  -5.81791e-07  
2.38005e-07  -4.76011e-07  
1.94732e-07  -3.89463e-07  
1.59326e-07  -3.18652e-07  
1.30358e-07  -2.60715e-07  
1.06656e-07  -2.13312e-07  
8.72641e-08  -1.74528e-07  
7.13979e-08  -1.42796e-07  
5.84165e-08  -1.16833e-07  
4.77953e-08  -9.55906e-08  
3.91052e-08  -7.82105e-08  
3.19952e-08  -6.39904e-08  
2.61779e-08  -5.23558e-08  
2.14183e-08  -4.28366e-08  
1.7524e-08  -3.50481e-08  
1.43379e-08  -2.86757e-08  
1.1731e-08  -2.34619e-08  
9.59807e-09  -1.91961e-08  
7.85296e-09  -1.57059e-08  
6.42515e-09  -1.28503e-08  
5.25694e-09  -1.05139e-08  
4.30114e-09  -8.60227e-09  
3.51911e-09  -7.03822e-09  
2.87927e-09  -5.75855e-09  
2.35577e-09  -4.71154e-09  
1.92745e-09  -3.85489e-09  
