0.5 10
1  -2  
0.375  -0.75  
0.140625  -0.28125  
0.0527344  -0.105469  
0.0197754  -0.0395508  
0.00741577  -0.0148315  
0.00278091  -0.00556183  
0.00104284  -0.00208569  
0.000391066  -0.000782132  
0.00014665  -0.0002933  
5.49937e-05  -0.000109987  
2.06226e-05  -4.12453e-05  
7.73348e-06  -1.5467e-05  
2.90006e-06  -5.80011e-06  
1.08752e-06  -2.17504e-06  
4.0782e-07  -8.15641e-07  
1.52933e-07  -3.05865e-07  
5.73498e-08  -1.147e-07  
2.15062e-08  -4.30123e-08  
8.06481e-09  -1.61296e-08  
3.0243e-09  -6.04861e-09  
